Epoch	AUC_dev	PR_AUC	ACC	BACC	PREC	TPR	KAPPA
0	0.5730659852321005	0.6196529730322746	0.4468503937007874	0.5	0.0	0.0	0.0
1	0.5775794440873532	0.6258562105473444	0.5484251968503937	0.5477934375342939	0.5993836671802774	0.5537366548042705	0.09472879586357763
2	0.5855942433411196	0.625437042631377	0.5547244094488188	0.5510323420132629	0.5998542274052479	0.5857651245551602	0.10178034306153971
5	0.5881057268722467	0.633092382484484	0.5594488188976378	0.5521705049618261	0.598079561042524	0.6206405693950178	0.1048112779681516
7	0.5886610124320004	0.631300569557292	0.5468503937007874	0.561438851176572	0.6353944562899787	0.42419928825622777	0.11820452187341646
9	0.5898556132127236	0.6329958204106009	0.5476377952755905	0.5541928606142318	0.6134751773049646	0.4925266903914591	0.10590232036616076
19	0.5909617947230627	0.6422446383965122	0.5429133858267716	0.556440967595278	0.6268191268191268	0.4291814946619217	0.10880155698467198
61	0.5909962845093828	0.6367267137242989	0.552755905511811	0.555348268455955	0.6099754701553557	0.5309608540925267	0.10901685662145
72	0.5915744587455124	0.6362218053252793	0.5519685039370079	0.5555677489143556	0.6113427856547122	0.5217081850533808	0.10923059381134492
75	0.5931798015269569	0.6375563286427212	0.5515748031496063	0.5556351607694358	0.6119528619528619	0.5174377224199288	0.10926310215090185
76	0.5934786084938937	0.6409342681830837	0.5492125984251969	0.5554470346622352	0.6144366197183099	0.496797153024911	0.10842494435894756
119	0.5936049665292301	0.6400225374831066	0.5433070866141733	0.5578127204602819	0.630457933972311	0.4213523131672598	0.11123713112751388
120	0.5939523727405271	0.6401894216184976	0.5440944881889764	0.5594556884631665	0.6343852013057671	0.41494661921708187	0.11421231896933359
121	0.5953796228071551	0.6420899367364217	0.5417322834645669	0.5578283976358819	0.6337402885682575	0.40640569395017795	0.1109240008059108
127	0.596798720742471	0.6435687544980669	0.5511811023622047	0.5603586937777291	0.6241799437675727	0.4740213523131673	0.11735927159887949
136	0.5973530656716886	0.6438247462165001	0.5496062992125984	0.5525859501152273	0.6075845012366035	0.5245551601423487	0.10348976764706797
138	0.598885666358349	0.646372430688291	0.5429133858267716	0.5587266997977645	0.6343612334801763	0.4099644128113879	0.11271114534502358
144	0.6013911925627479	0.6471911412259022	0.5551181102362205	0.5570602160314797	0.6109765940274415	0.5387900355871886	0.11253892034123136
147	0.6041858058852116	0.6524502430673442	0.5570866141732284	0.5687444150061925	0.6386138613861386	0.45907473309608543	0.13304004854368934
148	0.6044052863436122	0.6537654973919362	0.5562992125984252	0.5613447881229718	0.6192109777015438	0.5138790035587188	0.12025643232079852
149	0.6055020615485914	0.6527853389644414	0.552755905511811	0.5557715521971562	0.6108821104699094	0.5274021352313167	0.10975906997121432
154	0.6055870318403436	0.6538880349527597	0.5535433070866141	0.5581764309342029	0.6153191489361702	0.5145907473309609	0.1141306186470652
155	0.6061489018138492	0.6528121973777059	0.5511811023622047	0.5593428127988462	0.6214482126489459	0.4825622775800712	0.11561239168878457
156	0.6081007101760547	0.6537637697735625	0.5570866141732284	0.5602787401821687	0.6157024793388429	0.5302491103202847	0.11859962985811223
158	0.6097135780017873	0.6577832404740491	0.5562992125984252	0.5625299825983351	0.6221441124780316	0.5039145907473309	0.12229567307692302
159	0.6119732860927775	0.660138768798192	0.5606299212598426	0.5629736466678164	0.6173842404549147	0.5409252669039146	0.12411898662991727
161	0.61855989464938	0.6644869401140034	0.5622047244094488	0.567529433897189	0.6261843238587425	0.5174377224199288	0.13232551924134395
167	0.6200633357894242	0.671045790045883	0.5649606299212598	0.5720522990578017	0.6339285714285714	0.505338078291815	0.14070967149373914
168	0.6241876871462837	0.6759954505411674	0.5637795275590551	0.5771646260209761	0.6529351184346035	0.4512455516014235	0.1488599831243025
169	0.6278583410412779	0.6781064019384859	0.574015748031496	0.5755812312853716	0.6288906624102155	0.5608540925266904	0.14924204198254698
170	0.6349387806292819	0.6834189013856528	0.5787401574803149	0.579259096681142	0.6309616888193902	0.5743772241992883	0.15684516515324032
172	0.6356219919419317	0.6836148033601328	0.5807086614173228	0.5840014423001552	0.6400329489291599	0.5530249110320284	0.16532959776853484
173	0.6395622932572467	0.689225098219334	0.5716535433070866	0.5795412858419428	0.6436990027198549	0.505338078291815	0.15511680307194675
174	0.641791901171085	0.691843335643698	0.5649606299212598	0.590338156677693	0.7180232558139535	0.3516014234875445	0.1703370441095614
175	0.6472146362111402	0.6959481305786409	0.6204724409448819	0.6088544687789048	0.6398224476854788	0.7181494661921708	0.2209258298837702
179	0.6514358725132081	0.6983916497813093	0.6177165354330708	0.5998447959615596	0.6258700696055685	0.7679715302491104	0.2052319848415517
181	0.6532494081866211	0.6998287774994538	0.5826771653543307	0.5988179409597567	0.6893523600439078	0.44697508896797156	0.1897024434726866
182	0.6539015786915829	0.6998458338805611	0.5799212598425196	0.5919246868484174	0.6676587301587301	0.4790035587188612	0.1778713438939009
183	0.6616141219997806	0.7089390175403119	0.5783464566929134	0.5959192311913086	0.6906392694063926	0.4306049822064057	0.18361553097371697
185	0.6691504538542337	0.7139419671989413	0.6377952755905512	0.6197720538667754	0.6399307559145989	0.7893238434163701	0.24638559850876707
191	0.6735040055183659	0.7173696626232694	0.6232283464566929	0.6165942903726465	0.6534246575342466	0.6790035587188612	0.23427941408095765
194	0.6736347531628701	0.717436196340519	0.5964566929133859	0.6112734569739916	0.7008456659619451	0.4718861209964413	0.214222764149121
196	0.6744493392070485	0.7149963017373846	0.6224409448818897	0.6185915625440921	0.6599713055954088	0.6548042704626335	0.23696245990376907
197	0.675688776709988	0.7182452521453742	0.6173228346456693	0.6153197359963629	0.6604892512972572	0.6341637010676157	0.2295512206386704
198	0.6784291470048757	0.7194199980230227	0.5515748031496063	0.585349679401759	0.7736625514403292	0.26761565836298934	0.15837764874268367
199	0.6811438067317792	0.7219658089519365	0.6137795275590551	0.6220217285653817	0.6916817359855335	0.5444839857651246	0.2380186417457676
202	0.6820286265226457	0.7227414222888474	0.621259842519685	0.6238732030037468	0.6784850926672039	0.599288256227758	0.24435386856257524
204	0.6822064056939502	0.7249180756418216	0.6358267716535433	0.6234953830717858	0.6501877346683355	0.7395017793594306	0.25109331769325904
206	0.682892438898208	0.7219171384935941	0.6381889763779528	0.6284242870804395	0.657997399219766	0.7202846975088968	0.25977345375209304
208	0.6838133161929547	0.7239792556167028	0.6358267716535433	0.6252731747848308	0.6542416452442159	0.7245551601423488	0.25379059766624956
209	0.6884537601705677	0.7264298093557728	0.6181102362204725	0.6283067082634393	0.704995287464656	0.5323843416370106	0.2493518126395774
211	0.6908529951243984	0.7300690471560667	0.6334645669291339	0.6273707808801166	0.663448275862069	0.6846975088967971	0.2557157245373285
214	0.6922388574474423	0.7317080332833437	0.6448818897637796	0.6309185257184066	0.6534472239170226	0.7622775800711744	0.2671287869821538
215	0.6938570555128789	0.7296039255179688	0.6350393700787401	0.6359900920250208	0.6861370716510904	0.6270462633451958	0.2692224132686949
216	0.6941448884568957	0.7319436287999291	0.6381889763779528	0.6372285888974243	0.6827067669172933	0.6462633451957296	0.27272557328015956
217	0.6943439885870162	0.7307414529360199	0.6248031496062992	0.6320707981250098	0.6996466431095406	0.5637010676156584	0.2581748420194542
218	0.6954470346622352	0.7324523708982855	0.6389763779527559	0.6354006302224591	0.6752873563218391	0.6690391459074733	0.2705035610706389
219	0.6969959396115196	0.7328958363405547	0.6271653543307086	0.63572985091006	0.7078039927404719	0.5551601423487544	0.2646706367160273
225	0.6994312320692304	0.7338702025330271	0.6429133858267716	0.6166099675482465	0.6290155440414508	0.8640569395017793	0.24406746292164327
228	0.7045561007728849	0.7386233732975017	0.6311023622047244	0.6403044507501529	0.7150735294117647	0.5537366548042705	0.273275235576835
233	0.7047990969946855	0.7397149430442498	0.6476377952755905	0.6500870083245802	0.7036741214057508	0.6270462633451958	0.29633573325574347
239	0.7054989261134714	0.7399812272340147	0.6255905511811024	0.6409942464765548	0.7414893617021276	0.49608540925266903	0.2713083350930646
240	0.7070851427406838	0.7396180197467614	0.6405511811023622	0.6480834652828946	0.7176991150442478	0.5772241992882562	0.2894288515749479
242	0.7106457428629658	0.7449368996333942	0.6519685039370079	0.6508692993870224	0.6948391922213911	0.6612099644128114	0.30001153470856157
245	0.7111790803768794	0.7405987487726724	0.6492125984251969	0.652526376847947	0.7086038961038961	0.6213523131672598	0.30064955532344884
246	0.7115318168278802	0.7472532756868836	0.6177165354330708	0.6388715569003088	0.770573566084788	0.4398576512455516	0.2642534962531622
254	0.7126753100161474	0.7429294803058344	0.6590551181102362	0.6529574991769482	0.6849691146190803	0.7103202846975089	0.30726763686065306
255	0.7177729004342578	0.7485485716886275	0.6586614173228347	0.6608979886183706	0.7134920634920635	0.6398576512455516	0.31789375871147596
259	0.7198429147004877	0.7503559273402648	0.6606299212598425	0.6441375201843635	0.6594245449207281	0.799288256227758	0.29573577707799237
268	0.7221214354021979	0.7518734936748723	0.5850393700787402	0.6159374167150046	0.8117229129662522	0.32526690391459073	0.21644632670801278
270	0.7226579083512314	0.7507705875570445	0.6618110236220472	0.6623904557354947	0.71	0.6569395017793594	0.32191938341051063
283	0.723554642795554	0.7521709753012547	0.6594488188976378	0.6506890118676218	0.6776315789473685	0.7330960854092526	0.30434094291232616
284	0.7241077335507236	0.7526085616914922	0.6649606299212598	0.661427877153652	0.698140200286123	0.6946619217081851	0.32266454418971935
286	0.7242162196058758	0.7512237622477067	0.6570866141732283	0.6674322354084687	0.75	0.5701067615658363	0.3255760073650902
291	0.7259284807249127	0.7514182393648039	0.6586614173228347	0.6698716039318356	0.7566793893129771	0.5644128113879003	0.3297765495748295
295	0.7283769420101274	0.7563314620695849	0.6692913385826772	0.6683054540893912	0.7109783420463032	0.6775800711743772	0.33474059685018254
296	0.7290908805869536	0.7559830128328098	0.6610236220472441	0.6715835515073605	0.7556390977443609	0.5722419928825623	0.3335385290514472
300	0.7294106949691943	0.75801946928228	0.6661417322834645	0.6534372207503096	0.6724458204334365	0.7729537366548043	0.31242877436036587
309	0.7295533572671546	0.7571860033608224	0.6696850393700787	0.6656983397871039	0.700709219858156	0.703202846975089	0.3315370138017566
317	0.7314876071926881	0.7586264436053327	0.6822834645669291	0.6733613432204054	0.6954248366013072	0.7572953736654804	0.3504309798453542
322	0.7318262341856492	0.75792060779804	0.6673228346456693	0.6579757630865223	0.6822916666666666	0.7459074733096085	0.3194947336381334
335	0.7327389593490836	0.7580611882936548	0.6728346456692913	0.6768416762036151	0.734860883797054	0.6391459074733096	0.3482876162481937
340	0.7331569128505808	0.757374967856763	0.6665354330708662	0.6737720852211265	0.7438811188811189	0.6056939501779359	0.34003104465890754
341	0.7331961057895809	0.7619156997952792	0.6570866141732283	0.632468998385251	0.6409714889123548	0.8640569395017793	0.27637931260057835
347	0.7360499788358129	0.7628017047235409	0.6763779527559055	0.6764889397526141	0.7216730038022814	0.6754448398576512	0.35030883885924113
362	0.7367372662141188	0.7637809271829339	0.6744094488188976	0.6727624751124837	0.7131268436578171	0.6882562277580071	0.3440975713331127
368	0.7378374903977301	0.7638629662067823	0.6263779527559055	0.6498330380798596	0.804	0.4291814946619217	0.2839225239142059
378	0.7386884474893004	0.7650576886364342	0.6791338582677166	0.673223384075125	0.7023319615912208	0.7288256227758008	0.348008214069744
385	0.7394763823349586	0.7678893140379444	0.6791338582677166	0.6724614733409628	0.6998644986449865	0.7352313167259786	0.3470086872038811
392	0.7398131280668475	0.7645319734742934	0.6779527559055119	0.6797748757583834	0.7301960784313726	0.6626334519572954	0.355635844872769
402	0.7410039663254268	0.7669710993918664	0.6712598425196851	0.6800743098123443	0.7572202166064982	0.5971530249110321	0.3513154755714871
409	0.7416683650273566	0.7681676223523664	0.6818897637795276	0.68214840014423	0.7273419649657273	0.6797153024911032	0.3614814307803832
413	0.7426949064856475	0.769487613653497	0.687007874015748	0.6862667941743616	0.7279521674140508	0.6932384341637011	0.3704324944504028
414	0.7433100788561933	0.7687690432403712	0.6791338582677166	0.663233887782777	0.6741440377804014	0.8128113879003559	0.33465538742398726
418	0.7436452568705223	0.7700268646673377	0.6799212598425197	0.6805383542101056	0.7269938650306749	0.6747330960854092	0.35801555670237695
425	0.7442190414974839	0.770893090858591	0.6885826771653544	0.6895527301801307	0.736517719568567	0.6804270462633452	0.3757022471910112
427	0.7445956072553968	0.7679292262367513	0.6748031496062992	0.6864941132205622	0.7780979827089337	0.5765124555160143	0.36183816305362837
434	0.7465593302710583	0.7731598429009087	0.6877952755905512	0.6850314327370781	0.7207792207792207	0.7110320284697509	0.36946858330620325
439	0.7471889256431561	0.7723081532476253	0.6783464566929134	0.6869879442519635	0.7639138240574507	0.6056939501779359	0.3649844549438175
461	0.7476761722608054	0.7745692731097369	0.6874015748031496	0.6782416479846991	0.6987638256343527	0.7644128113879004	0.36051190502614383
464	0.7479332779406462	0.7732828240966063	0.681496062992126	0.6760358693777728	0.7058011049723757	0.7274021352313167	0.3533580469138444
466	0.7502008246194366	0.7746018364770411	0.6562992125984252	0.6732390612507251	0.7916666666666666	0.5138790035587188	0.33259693118954026
496	0.7507811936601503	0.7746610499717507	0.6909448818897638	0.6870318403436437	0.7192362093352193	0.7238434163701067	0.3743489011333827
