Epoch	epoch	mse	mae	rmse	r2
0	0.3027743620694751	0.5474799570810924	0.5474799570810924	0.002
1	0.06940398302436859	0.2583641863450186	0.2583641863450186	0.001
2	0.0036407653465327806	0.04302961329178996	0.04302961329178996	0.0
3	0.0032773220673540902	0.040240877717913424	0.040240877717913424	0.002
4	0.003244964686264842	0.04007114147736668	0.04007114147736668	0.006
5	0.003231643645697862	0.04001529857462277	0.04001529857462277	0.011
7	0.003221500517499755	0.03997848395661774	0.03997848395661774	0.018
8	0.003182541340554917	0.039878751078873356	0.039878751078873356	0.019
11	0.00314503001501934	0.03977812125084624	0.03977812125084624	0.018
12	0.00311920541255819	0.03968444495396992	0.03968444495396992	0.019
14	0.0030987631703311086	0.039538380567267974	0.039538380567267974	0.02
15	0.0030957073546483515	0.039468270165757983	0.039468270165757983	0.021
19	0.0030827470320087796	0.039291166426239595	0.039291166426239595	0.024
20	0.003077315851913831	0.0392397911112682	0.0392397911112682	0.025
21	0.00307497066166867	0.039222575187010965	0.039222575187010965	0.026
23	0.003062144673190268	0.03913845366112321	0.03913845366112321	0.025
29	0.0030569058716486274	0.03906289674416694	0.03906289674416694	0.027
36	0.003054236377100416	0.03898573568690174	0.03898573568690174	0.028
38	0.003053648549765431	0.038945125551700016	0.038945125551700016	0.028
42	0.0030529549442110527	0.03896057374094265	0.03896057374094265	0.028
43	0.003050435110575624	0.03896305550743484	0.03896305550743484	0.029
46	0.003048508957434326	0.03893507870031949	0.03893507870031949	0.03
47	0.003045128992062697	0.03890571315059055	0.03890571315059055	0.031
50	0.003042789179715618	0.03883425579933308	0.03883425579933308	0.032
51	0.0030416772622352396	0.03881664376704384	0.03881664376704384	0.032
52	0.003039986605068428	0.03876317026295395	0.03876317026295395	0.033
55	0.003022438007856835	0.03864182060733708	0.03864182060733708	0.037
57	0.0030110941077205167	0.03851561210494439	0.03851561210494439	0.041
59	0.002992567688044147	0.03827335016649671	0.03827335016649671	0.047
60	0.002980228426138344	0.038149860432874855	0.038149860432874855	0.051
61	0.002970251518751149	0.03800087750702196	0.03800087750702196	0.055
63	0.0029512361251451996	0.037702881961016704	0.037702881961016704	0.068
66	0.0029165220819325145	0.03708949896341555	0.03708949896341555	0.095
69	0.0028557089749113715	0.03646063306520795	0.03646063306520795	0.118
70	0.002840652167299896	0.03621813352435431	0.03621813352435431	0.126
71	0.0028230195399312277	0.036048103749536	0.036048103749536	0.134
73	0.002806707797237905	0.03599702228090238	0.03599702228090238	0.135
78	0.002783562782369828	0.03572907995851204	0.03572907995851204	0.157
80	0.00276909195156602	0.03557794144736438	0.03557794144736438	0.16
86	0.0027204362796632675	0.03530792501296336	0.03530792501296336	0.169
90	0.0026972305537245347	0.035054137245378716	0.035054137245378716	0.182
93	0.0026839135599682797	0.03505620504405006	0.03505620504405006	0.181
94	0.0026491608500226927	0.03469675216423231	0.03469675216423231	0.187
96	0.0026244009661592765	0.03452374736628031	0.03452374736628031	0.193
109	0.002596790001312332	0.03452203450690725	0.03452203450690725	0.212
111	0.0025871498707683307	0.0343669335231443	0.0343669335231443	0.212
114	0.00250622153848927	0.03359415010968092	0.03359415010968092	0.222
128	0.002497634164354945	0.03350936354670945	0.03350936354670945	0.227
137	0.002468718985611718	0.033234443376009566	0.033234443376009566	0.234
155	0.0024573676028264483	0.0331084590811812	0.0331084590811812	0.236
165	0.0024470687447858803	0.03310579209139498	0.03310579209139498	0.238
172	0.0024442278372043486	0.03304989690555952	0.03304989690555952	0.243
185	0.0024396921636363716	0.03295569367289687	0.03295569367289687	0.247
218	0.002411120355185492	0.03259174531138908	0.03259174531138908	0.257
250	0.0024035033952455654	0.03250472721101006	0.03250472721101006	0.254
286	0.0023868775960569914	0.03247557698696119	0.03247557698696119	0.26
340	0.0023636212009625662	0.03218366070663646	0.03218366070663646	0.266
371	0.0023218539004884434	0.03182541921980862	0.03182541921980862	0.27
414	0.002307135925135711	0.031623804528435724	0.031623804528435724	0.274
426	0.0023067665602673313	0.031705384539155966	0.031705384539155966	0.279
441	0.0022998673621325116	0.03146743746808206	0.03146743746808206	0.28
476	0.002276429704959428	0.03133716077464653	0.03133716077464653	0.291
511	0.0022709274956544557	0.03140825886568906	0.03140825886568906	0.299
512	0.002262873465197794	0.03131749249013547	0.03131749249013547	0.296
513	0.0022515396145455675	0.031240450426113977	0.031240450426113977	0.296
530	0.0022320130386404963	0.031017916232791584	0.031017916232791584	0.3
610	0.00222508778637444	0.031077257805757832	0.031077257805757832	0.305
652	0.0022225140645626253	0.03101452654568937	0.03101452654568937	0.306
654	0.0022194129483772427	0.03093433098067116	0.03093433098067116	0.307
666	0.002212659585580269	0.030853212419844806	0.030853212419844806	0.307
674	0.002198720072936876	0.03081535821329717	0.03081535821329717	0.312
687	0.0021984989678772823	0.030786655588203794	0.030786655588203794	0.309
690	0.0021893774463229002	0.030647135853911427	0.030647135853911427	0.31
696	0.0021829847239032024	0.03064720887740293	0.03064720887740293	0.313
717	0.002182112766094468	0.030655474190840644	0.030655474190840644	0.319
731	0.0021737838301581006	0.030599098399047453	0.030599098399047453	0.32
740	0.0021674928260347515	0.030636658183135095	0.030636658183135095	0.319
742	0.0021555937128041177	0.03049037424585678	0.03049037424585678	0.32
770	0.002153830128920805	0.03060436895716541	0.03060436895716541	0.33
780	0.0021385228236998	0.030433954044642393	0.030433954044642393	0.331
784	0.0021351408907877437	0.030355785349612748	0.030355785349612748	0.327
806	0.002126188527351092	0.03043895483353039	0.03043895483353039	0.33
810	0.0021248142028765233	0.030433300986099858	0.030433300986099858	0.334
819	0.0021152937727638007	0.030200415172742058	0.030200415172742058	0.333
820	0.0021108931255860073	0.03016400131975697	0.03016400131975697	0.333
822	0.0021084374958520186	0.03031372902761099	0.03031372902761099	0.339
829	0.00209434727226946	0.030110719064239337	0.030110719064239337	0.339
840	0.002088948649229446	0.030161596057494706	0.030161596057494706	0.345
841	0.0020879900387403235	0.030091897151281025	0.030091897151281025	0.343
846	0.002081987269731138	0.030040971907789652	0.030040971907789652	0.345
850	0.0020777872792313874	0.030117671035059124	0.030117671035059124	0.343
857	0.0020723304458971363	0.030041759946967533	0.030041759946967533	0.346
868	0.0020517704833975083	0.029802965904213562	0.029802965904213562	0.351
888	0.0020499287386411625	0.029798747729352537	0.029798747729352537	0.356
889	0.0020416019478153944	0.02976375761840596	0.02976375761840596	0.358
890	0.0020325918873394747	0.02965832432335152	0.02965832432335152	0.359
896	0.002030973763976655	0.02962903763035157	0.02962903763035157	0.358
898	0.0020220979382775707	0.02954598605944848	0.02954598605944848	0.361
899	0.002016564783232042	0.02950552393964736	0.02950552393964736	0.361
921	0.002015683906039673	0.029546627835597524	0.029546627835597524	0.364
923	0.001999649579942943	0.02937167826507344	0.02937167826507344	0.366
938	0.0019955758907447465	0.029450812588955575	0.029450812588955575	0.368
955	0.0019912334421770157	0.029398668894977085	0.029398668894977085	0.37
961	0.0019887416135759848	0.02946978156911333	0.02946978156911333	0.373
963	0.0019800628756533154	0.02929557828090866	0.02929557828090866	0.376
967	0.001977263457323029	0.029304977954994323	0.029304977954994323	0.375
969	0.0019690146398469747	0.029202174117763918	0.029202174117763918	0.374
975	0.0019619142589957696	0.029106728801600548	0.029106728801600548	0.377
989	0.001951144995167818	0.029210100635328074	0.029210100635328074	0.384
1001	0.00195112663346144	0.028973354647056835	0.028973354647056835	0.381
1002	0.0019382270230970556	0.028983526396933842	0.028983526396933842	0.384
1015	0.0019206697180488722	0.028738478175392566	0.028738478175392566	0.389
1027	0.0019037914859441805	0.028764756574200565	0.028764756574200565	0.394
1046	0.0018955534324410072	0.028661422944577818	0.028661422944577818	0.398
1061	0.0018869776368979079	0.028520242718021765	0.028520242718021765	0.403
1065	0.0018743135422657105	0.028410012917416835	0.028410012917416835	0.405
1068	0.0018731644241815092	0.028456467140407463	0.028456467140407463	0.405
1078	0.0018483559231635624	0.02826801554550819	0.02826801554550819	0.413
1090	0.001846908776808177	0.028301465537727624	0.028301465537727624	0.419
1100	0.0018432030760042483	0.028223371570551055	0.028223371570551055	0.414
1106	0.0018419194573932262	0.02809575024843696	0.02809575024843696	0.415
1115	0.0018252399696104316	0.027915916973863742	0.027915916973863742	0.421
1116	0.0018195134698405218	0.02798506339087008	0.02798506339087008	0.423
1117	0.001809225158935616	0.027850773069967055	0.027850773069967055	0.426
1132	0.0018042479768334081	0.027785426179007856	0.027785426179007856	0.428
1142	0.0018025475599521491	0.02764066728525857	0.02764066728525857	0.427
1159	0.0018012767775439267	0.02790472832025658	0.02790472832025658	0.436
1160	0.0017971798370808017	0.02779505152496848	0.02779505152496848	0.432
1161	0.0017842611757196165	0.027620707086819678	0.027620707086819678	0.434
1170	0.001780634688307089	0.02753518944875492	0.02753518944875492	0.436
1171	0.0017799988358725353	0.027484928846263232	0.027484928846263232	0.437
1184	0.0017640523408098733	0.027356922674505547	0.027356922674505547	0.441
1189	0.0017587169062272855	0.02737312077083657	0.02737312077083657	0.446
1194	0.0017475747217715397	0.027314037600688956	0.027314037600688956	0.448
1206	0.0017436002999710364	0.027139723600997496	0.027139723600997496	0.447
1219	0.0017259594034923142	0.027002052042784826	0.027002052042784826	0.454
1270	0.00171416154421714	0.02672496274791799	0.02672496274791799	0.456
1278	0.0017126136365463237	0.026727010274288684	0.026727010274288684	0.462
1287	0.0017077584264308854	0.026531669601912083	0.026531669601912083	0.459
1304	0.0016894129803433186	0.026292668323194216	0.026292668323194216	0.466
1340	0.001680395003229215	0.026107352285484994	0.026107352285484994	0.471
1358	0.0016698825282111887	0.026084850427848028	0.026084850427848028	0.475
1360	0.0016641732287398508	0.026078259517625123	0.026078259517625123	0.479
1374	0.001651961977251537	0.02602298888428481	0.02602298888428481	0.479
1386	0.0016411918572639228	0.025868612806306365	0.025868612806306365	0.482
1405	0.001640620353276077	0.025746369417089153	0.025746369417089153	0.481
1421	0.00163043708343715	0.025648331244866596	0.025648331244866596	0.485
1429	0.0016182076596694829	0.025586461749616478	0.025586461749616478	0.489
1439	0.0016148641147319808	0.02559848351196277	0.02559848351196277	0.493
1447	0.0015965656897231019	0.025486805364099474	0.025486805364099474	0.496
1452	0.0015802614266931434	0.02535900762255903	0.02535900762255903	0.503
1503	0.0015710729467206346	0.025257377070234132	0.025257377070234132	0.505
1514	0.0015686462625220015	0.025339708170293563	0.025339708170293563	0.509
1520	0.0015676186135892133	0.02538542308444416	0.02538542308444416	0.506
1526	0.0015527392566187204	0.025253290605314595	0.025253290605314595	0.513
1572	0.0015367486953794254	0.025012843697915094	0.025012843697915094	0.518
1605	0.0015315156775816676	0.02516010421636937	0.02516010421636937	0.524
1614	0.0015295682421996068	0.02505695195122203	0.02505695195122203	0.523
1615	0.0015204613354642136	0.02484276115990338	0.02484276115990338	0.522
1622	0.0015172249324162232	0.02497228888244913	0.02497228888244913	0.523
1627	0.0014976756628468763	0.024937622222120707	0.024937622222120707	0.53
1647	0.0014865190563987502	0.02464527961735374	0.02464527961735374	0.532
1712	0.0014790105031934448	0.02445324254381623	0.02445324254381623	0.535
1739	0.0014665601484479878	0.024614508611465528	0.024614508611465528	0.543
1749	0.001462254995463515	0.024610944665395297	0.024610944665395297	0.547
1762	0.0014561237801686798	0.024356932864283247	0.024356932864283247	0.543
1764	0.0014319985766294105	0.02450200264798601	0.02450200264798601	0.556
1812	0.0014277198997682038	0.024394787214861442	0.024394787214861442	0.561
1841	0.001422819699326647	0.02402882393790117	0.02402882393790117	0.556
1866	0.0014162812809106757	0.023907331818061348	0.023907331818061348	0.561
1891	0.0014034077080961318	0.023930237381342097	0.023930237381342097	0.567
1900	0.0013838105301087731	0.023685904373529215	0.023685904373529215	0.565
1909	0.0013817838915372595	0.024025508876630387	0.024025508876630387	0.574
1975	0.0013763457629781047	0.02364296331383555	0.02364296331383555	0.573
1989	0.001375179818386571	0.023621035616003212	0.023621035616003212	0.571
1990	0.001367101694642633	0.023837600985074592	0.023837600985074592	0.578
