Epoch	epoch	mse	mae	rmse	r2
0	0.2823107284859447	0.5286129643623741	0.5286129643623741	0.0
1	0.04083126283790843	0.19572606477533863	0.19572606477533863	0.0
2	0.003164068108420656	0.040844366632542976	0.040844366632542976	0.0
3	0.0030912182925652916	0.04034929926290754	0.04034929926290754	0.002
6	0.0030244348786074736	0.04000891048342674	0.04000891048342674	0.014
7	0.003024349182156076	0.03999915603807844	0.03999915603807844	0.015
8	0.0029811492086981245	0.03984871497088942	0.03984871497088942	0.016
10	0.0029735666487225557	0.03976960964515907	0.03976960964515907	0.015
12	0.0029250851476359412	0.03953376361980968	0.03953376361980968	0.016
16	0.0029186938502348135	0.0393280287663686	0.0393280287663686	0.018
20	0.002908469663345922	0.039199482600054236	0.039199482600054236	0.019
25	0.002907110977867726	0.03915107215406239	0.03915107215406239	0.02
33	0.0029020671101824664	0.039129072711009724	0.039129072711009724	0.021
36	0.0029014319825507147	0.03910164432423853	0.03910164432423853	0.021
42	0.002900890837430809	0.03905838256250981	0.03905838256250981	0.021
44	0.002900409513280555	0.03906143824275443	0.03906143824275443	0.021
50	0.0028987439024159623	0.03904300000319018	0.03904300000319018	0.022
51	0.00289289167996682	0.03899044255743668	0.03899044255743668	0.024
57	0.002879523908859637	0.038910596914652415	0.038910596914652415	0.027
60	0.002868162272979575	0.038739686489009204	0.038739686489009204	0.031
64	0.0028526482392831278	0.038608952282514965	0.038608952282514965	0.041
67	0.002850280629943823	0.03834636055122111	0.03834636055122111	0.055
68	0.0027838698351003318	0.03780976802026654	0.03780976802026654	0.063
69	0.0027748351991682702	0.03762994793649167	0.03762994793649167	0.073
71	0.0027149791149528864	0.036834544836394596	0.036834544836394596	0.096
77	0.0027056970245275262	0.03660722385958419	0.03660722385958419	0.131
78	0.0025961268760258316	0.035558088947773174	0.035558088947773174	0.145
82	0.0025816882005135775	0.03544247502095748	0.03544247502095748	0.159
92	0.0025126725361771657	0.03481421436314808	0.03481421436314808	0.182
93	0.0024800445567187473	0.034540805265013366	0.034540805265013366	0.192
96	0.0024555841814310744	0.03434268204233505	0.03434268204233505	0.193
99	0.0024455442782820476	0.03428406741558617	0.03428406741558617	0.201
101	0.0024277258221984065	0.034074752394633576	0.034074752394633576	0.206
104	0.0024052915700406457	0.033890773644622084	0.033890773644622084	0.209
105	0.002395880767643671	0.03380534890626546	0.03380534890626546	0.21
107	0.002362322360498432	0.03344788576055812	0.03344788576055812	0.215
108	0.0023408519390513715	0.03322661313086904	0.03322661313086904	0.214
121	0.0022874681995619555	0.032897986558671446	0.032897986558671446	0.233
137	0.002264513292829186	0.03264984318051087	0.03264984318051087	0.243
156	0.0022496241268482476	0.032586642620883254	0.032586642620883254	0.25
157	0.002234359069704721	0.03241393250944727	0.03241393250944727	0.252
167	0.002231998082874992	0.03232994670835273	0.03232994670835273	0.257
184	0.002224792821949592	0.032184301498576706	0.032184301498576706	0.26
187	0.0022170364860176137	0.032114122370486775	0.032114122370486775	0.262
191	0.002199216715591989	0.032045300850405405	0.032045300850405405	0.262
203	0.0021943381929287863	0.03211607465665282	0.03211607465665282	0.263
211	0.002179593445599694	0.03196897562645733	0.03196897562645733	0.267
261	0.002174665399619304	0.03182768604470221	0.03182768604470221	0.272
278	0.0021715133111063437	0.03179545776766248	0.03179545776766248	0.276
299	0.0021648021100166503	0.03170333548846189	0.03170333548846189	0.28
303	0.0021642486928363496	0.031696495093312224	0.031696495093312224	0.279
305	0.002163014970631842	0.031652134402452146	0.031652134402452146	0.279
310	0.002151426408246927	0.031750295594772694	0.031750295594772694	0.28
315	0.0021483257648829287	0.03170526081690902	0.03170526081690902	0.279
325	0.0021451592580833925	0.031516292728438665	0.031516292728438665	0.286
335	0.002139397171522029	0.0314300408706135	0.0314300408706135	0.288
342	0.0021338419755398577	0.03150790261252484	0.03150790261252484	0.286
364	0.002128160627688963	0.03143083997613905	0.03143083997613905	0.288
368	0.0021233852067660763	0.03136014137784656	0.03136014137784656	0.289
383	0.002121033980024806	0.031320027427907626	0.031320027427907626	0.292
392	0.002119629726066139	0.03129018729749918	0.03129018729749918	0.292
395	0.002110133983658275	0.03129918699873296	0.03129918699873296	0.292
401	0.002108398608566394	0.031179994296701118	0.031179994296701118	0.295
408	0.0020985193108822593	0.031173950990649225	0.031173950990649225	0.297
423	0.0020976570517173476	0.031174071160142477	0.031174071160142477	0.298
427	0.0020922526550218885	0.03103031255859931	0.03103031255859931	0.301
431	0.002079640432516483	0.031029908960978445	0.031029908960978445	0.301
448	0.0020792277633937227	0.031053190588038918	0.031053190588038918	0.305
450	0.0020612815615569315	0.030788581444762955	0.030788581444762955	0.31
451	0.002060299329318669	0.030870254955318633	0.030870254955318633	0.307
465	0.002058652586077904	0.030885975722387056	0.030885975722387056	0.309
466	0.002054313174895516	0.030792542285031962	0.030792542285031962	0.313
471	0.0020523860321496274	0.03084762100965997	0.03084762100965997	0.312
479	0.002049371626519911	0.0307007442426163	0.0307007442426163	0.317
480	0.0020385579744636273	0.030636488587156303	0.030636488587156303	0.318
483	0.00203785930514076	0.030681388000303154	0.030681388000303154	0.317
486	0.00202680343644353	0.030679657017085228	0.030679657017085228	0.321
494	0.002026191026166393	0.030523984135997616	0.030523984135997616	0.322
496	0.0020161974408619784	0.03043557597272491	0.03043557597272491	0.326
520	0.002013466902308317	0.030545799219939575	0.030545799219939575	0.328
526	0.0019955855346154867	0.030367324909662652	0.030367324909662652	0.33
541	0.001992224841673027	0.03038661981896436	0.03038661981896436	0.33
566	0.001986688808063379	0.030325691341345606	0.030325691341345606	0.334
576	0.001985144600582404	0.03036320993269445	0.03036320993269445	0.336
583	0.001983839646775178	0.030420885648258837	0.030420885648258837	0.332
599	0.0019768734799145114	0.030321229826861508	0.030321229826861508	0.336
604	0.0019717451785241226	0.03026817300316791	0.03026817300316791	0.341
619	0.0019649119342878977	0.030216617409951543	0.030216617409951543	0.34
629	0.0019629363753011597	0.030227752700237993	0.030227752700237993	0.34
638	0.001955722062508525	0.030088883191887236	0.030088883191887236	0.345
647	0.0019533191815610156	0.03020194345695858	0.03020194345695858	0.343
648	0.0019525722876908447	0.03006986326092057	0.03006986326092057	0.348
656	0.0019521397631708421	0.030274321811601515	0.030274321811601515	0.342
661	0.0019455400724580918	0.03011701468781891	0.03011701468781891	0.347
670	0.0019454003692753353	0.03012584707355768	0.03012584707355768	0.346
671	0.0019418330821399758	0.030148513402086182	0.030148513402086182	0.347
676	0.0019407627127920662	0.030115445234868685	0.030115445234868685	0.348
681	0.0019399193842868452	0.030153688804017312	0.030153688804017312	0.348
686	0.0019358763491049908	0.03012890539436248	0.03012890539436248	0.348
689	0.0019270338457640682	0.029956192378310296	0.029956192378310296	0.353
697	0.0019253379595362823	0.029927281581054423	0.029927281581054423	0.353
701	0.0019216203772424302	0.029905153614736304	0.029905153614736304	0.356
703	0.0019184406283117698	0.029940313729748244	0.029940313729748244	0.355
707	0.0019182904510784094	0.03001266839136484	0.03001266839136484	0.354
708	0.001916419974791679	0.02999883550479918	0.02999883550479918	0.355
710	0.0019103216889428708	0.029846111433284205	0.029846111433284205	0.359
712	0.0019073060160054078	0.029923673303579545	0.029923673303579545	0.358
725	0.0019030993503403092	0.029861147047001366	0.029861147047001366	0.36
730	0.0019018676853866314	0.02981730328180403	0.02981730328180403	0.359
740	0.0018968070851902268	0.029844466244267016	0.029844466244267016	0.363
746	0.001891082813150454	0.029777745241798128	0.029777745241798128	0.365
755	0.0018864739274097367	0.029751479565689173	0.029751479565689173	0.365
759	0.0018840808258913926	0.029726691571061666	0.029726691571061666	0.368
764	0.0018803655096168521	0.02979336185077002	0.02979336185077002	0.367
766	0.0018768708231982813	0.029677595395596335	0.029677595395596335	0.368
769	0.0018765117202664823	0.02965734426743841	0.02965734426743841	0.369
772	0.0018659564935387502	0.029621537251190173	0.029621537251190173	0.374
778	0.0018634547190885396	0.029609320015375334	0.029609320015375334	0.373
786	0.0018633052190216509	0.029679675160806312	0.029679675160806312	0.372
789	0.0018473573058268454	0.029446142818291148	0.029446142818291148	0.378
804	0.0018408544596968267	0.029366087370998092	0.029366087370998092	0.381
811	0.0018374904398362722	0.029342083694759127	0.029342083694759127	0.382
818	0.0018349548932398555	0.029418176525406334	0.029418176525406334	0.382
823	0.001831864989524765	0.02931483186544356	0.02931483186544356	0.383
826	0.0018251102879947207	0.029300280938549864	0.029300280938549864	0.386
827	0.0018190872546609853	0.02922086928383362	0.02922086928383362	0.388
846	0.0018164000366803251	0.029140715751732448	0.029140715751732448	0.391
847	0.0018069213696886174	0.029243900849845107	0.029243900849845107	0.391
850	0.0018061810687751104	0.029167129587272553	0.029167129587272553	0.393
851	0.0018059372459236092	0.029147171933373472	0.029147171933373472	0.392
854	0.0017950673759089075	0.029040115978081187	0.029040115978081187	0.396
888	0.001786420633596421	0.028958980601687515	0.028958980601687515	0.399
895	0.0017771491794520066	0.028906502564780136	0.028906502564780136	0.4
904	0.0017639514219132508	0.02878801927324557	0.02878801927324557	0.404
912	0.0017618643491180246	0.028857647280418435	0.028857647280418435	0.404
925	0.001758724994788712	0.028838193949508515	0.028838193949508515	0.405
930	0.0017463508249270785	0.02866364159125068	0.02866364159125068	0.409
940	0.0017426647155814852	0.028628177043655157	0.028628177043655157	0.411
946	0.0017288995860653296	0.028571523380913275	0.028571523380913275	0.416
962	0.0017259454086686157	0.028602078599023376	0.028602078599023376	0.419
974	0.0017220281713578082	0.02850061686251176	0.02850061686251176	0.421
977	0.001717454872782228	0.02849219790447925	0.02849219790447925	0.419
984	0.0017138621615821956	0.02848781122587114	0.02848781122587114	0.424
989	0.0017102538591302245	0.028419836713477482	0.028419836713477482	0.423
997	0.001709147500176355	0.028534628117799856	0.028534628117799856	0.423
1001	0.0017025316086727192	0.028541266882174735	0.028541266882174735	0.426
1004	0.0016953792019977596	0.028358529303470447	0.028358529303470447	0.428
1005	0.0016948371684904794	0.028463335417472112	0.028463335417472112	0.431
1027	0.0016705998509077623	0.028324233539825574	0.028324233539825574	0.438
1052	0.0016622092820070748	0.02827961741077578	0.02827961741077578	0.443
1060	0.001661224932893588	0.028403750864959176	0.028403750864959176	0.445
1064	0.0016608889049051867	0.028438428729664546	0.028438428729664546	0.444
1069	0.0016582335651126906	0.028306470311460982	0.028306470311460982	0.447
1073	0.001657920882911972	0.02839517934256103	0.02839517934256103	0.447
1075	0.0016527547017708877	0.02838140328805196	0.02838140328805196	0.447
1087	0.0016485938825201154	0.028356559577604672	0.028356559577604672	0.451
1089	0.001642404777727298	0.02832234990822419	0.02832234990822419	0.453
1102	0.0016309266389199926	0.028249134351973855	0.028249134351973855	0.457
1105	0.0016303576756136746	0.028304229292041874	0.028304229292041874	0.459
1109	0.0016267246832843553	0.02819028311903036	0.02819028311903036	0.46
1128	0.0016227775907254258	0.028243065972602805	0.028243065972602805	0.463
1133	0.0016187357411822083	0.028087271625746944	0.028087271625746944	0.462
1144	0.0016009158066505158	0.0278784945709207	0.0278784945709207	0.467
1161	0.0015962745829317226	0.027869027550547917	0.027869027550547917	0.47
1168	0.0015825426041730251	0.02788239397015535	0.02788239397015535	0.476
1195	0.0015792453610821756	0.02766186081734195	0.02766186081734195	0.477
1213	0.0015756140279818767	0.0274786606004917	0.0274786606004917	0.478
1214	0.0015540780244369156	0.027295547090035698	0.027295547090035698	0.484
1380	0.0015289041077552567	0.026251969555189568	0.026251969555189568	0.5
1481	0.0015135738193365876	0.025885322667205234	0.025885322667205234	0.502
1499	0.0015135266835109296	0.025621848100623054	0.025621848100623054	0.503
1507	0.0014961018347480063	0.025704403582283725	0.025704403582283725	0.509
1543	0.001495425096054969	0.025568375724772507	0.025568375724772507	0.511
1561	0.0014869645506318612	0.02535743199429875	0.02535743199429875	0.514
1563	0.0014727606763578426	0.025396213709611926	0.025396213709611926	0.519
1658	0.0014560135234501373	0.025444716503194777	0.025444716503194777	0.531
1687	0.0014383454240106898	0.025058590280784027	0.025058590280784027	0.531
1706	0.0014209072725532234	0.024844875090361315	0.024844875090361315	0.542
1709	0.0014180453187267053	0.024709561900462636	0.024709561900462636	0.539
1726	0.0014161060171481426	0.024766472207650127	0.024766472207650127	0.54
1776	0.0014049668011156579	0.024767348333515085	0.024767348333515085	0.545
1786	0.0013946616919685618	0.024325816395107027	0.024325816395107027	0.544
1842	0.00138869487801258	0.02421257634389511	0.02421257634389511	0.546
1848	0.0013854186908096862	0.024294151937678317	0.024294151937678317	0.547
1858	0.0013797073816280655	0.024172127222851596	0.024172127222851596	0.548
1860	0.0013779949448717574	0.024324131441654046	0.024324131441654046	0.552
1862	0.0013723290481608779	0.02442230606482387	0.02442230606482387	0.554
1868	0.0013687540913389013	0.02414129280751144	0.02414129280751144	0.55
1893	0.0013507484692723188	0.023829047712548047	0.023829047712548047	0.555
1959	0.0013308189122978509	0.023766723416814677	0.023766723416814677	0.564
