Epoch	epoch	mse	mae	rmse	r2	P
0	810.0545039215392	20.271405623605354	20.271405623605354	0.016	0.12649110640673517
1	787.4241156814425	19.934132358148556	19.934132358148556	0.024	0.15491933384829668
2	784.6472337870995	19.738957597197086	19.738957597197086	0.029	0.17029386365926402
3	779.5338523200551	19.674086968480125	19.674086968480125	0.034	0.18439088914585774
4	773.23390923908	19.552849112266838	19.552849112266838	0.045	0.21213203435596426
5	753.3828147643857	19.10320022902547	19.10320022902547	0.073	0.2701851217221259
6	706.7369869978414	17.915484452362843	17.915484452362843	0.131	0.3619392214170772
7	682.5922964922112	17.433156337434493	17.433156337434493	0.153	0.39115214431215894
8	671.7064996678703	17.187391708550606	17.187391708550606	0.168	0.40987803063838396
9	661.9837685330332	17.008464513960934	17.008464513960934	0.179	0.4230839160261236
10	651.9526749819755	16.8649514263261	16.8649514263261	0.191	0.43703546766824314
11	646.961654400168	16.752002028984695	16.752002028984695	0.198	0.4449719092257398
12	640.8543637119434	16.678258075584004	16.678258075584004	0.206	0.4538722287164087
13	634.4026652875126	16.562270440056206	16.562270440056206	0.213	0.46151923036857306
14	631.196693382258	16.458707537992655	16.458707537992655	0.219	0.4679743582719036
15	627.4405568671868	16.36237289922772	16.36237289922772	0.224	0.4732863826479693
16	623.0299761377377	16.28621309909233	16.28621309909233	0.228	0.4774934554525329
17	622.762158464759	16.250620360392816	16.250620360392816	0.229	0.47853944456021597
18	620.1593894179452	16.20120520512279	16.20120520512279	0.233	0.4827007354458868
19	618.5513599154965	16.1555764051128	16.1555764051128	0.233	0.4827007354458868
21	615.6288186232724	16.101248987562176	16.101248987562176	0.238	0.4878524367060187
22	614.7725645123207	16.07229190313475	16.07229190313475	0.239	0.48887626246321264
24	611.1428223966872	16.01624155701695	16.01624155701695	0.243	0.4929503017546495
25	611.0713995404544	15.981107128582268	15.981107128582268	0.244	0.4939635614091388
26	610.3037542643344	15.972524939671285	15.972524939671285	0.244	0.4939635614091388
27	609.7252138060911	15.958171032504165	15.958171032504165	0.246	0.49598387070548977
28	608.6913400151678	15.933541658883176	15.933541658883176	0.247	0.4969909455915671
29	606.5845510921001	15.897561590564957	15.897561590564957	0.248	0.4979959839195493
31	605.6986520012517	15.883865047283726	15.883865047283726	0.25	0.5
32	604.95909529756	15.86163650416483	15.86163650416483	0.251	0.5009990019950139
33	604.8699595141574	15.874909312487176	15.874909312487176	0.252	0.5019960159204453
35	604.6500902379461	15.84946249188361	15.84946249188361	0.253	0.5029910535983717
36	603.8252456134579	15.83955137028036	15.83955137028036	0.253	0.5029910535983717
37	602.6865711575414	15.811309489547199	15.811309489547199	0.254	0.5039841267341661
38	602.2191632283912	15.808022639538269	15.808022639538269	0.255	0.5049752469181039
40	600.0442741402978	15.76924709284973	15.76924709284973	0.257	0.5069516742254631
43	599.5310301736225	15.757240757166116	15.757240757166116	0.258	0.5079370039680118
44	599.3640064655219	15.750456091075044	15.750456091075044	0.258	0.5079370039680118
46	598.8419856872857	15.72122380616345	15.72122380616345	0.259	0.5089204259999789
52	597.8729865565389	15.702573800709308	15.702573800709308	0.26	0.5099019513592785
58	597.2362487554773	15.693774198104286	15.693774198104286	0.261	0.5108815909777921
59	597.1639444210412	15.695449245903841	15.695449245903841	0.261	0.5108815909777921
62	596.5962170502122	15.683855390781556	15.683855390781556	0.261	0.5108815909777921
68	596.2356689447249	15.680635231735723	15.680635231735723	0.263	0.5128352561983234
69	596.1837998340591	15.67940256861948	15.67940256861948	0.262	0.5118593556827891
73	595.8142407708452	15.668365337155636	15.668365337155636	0.262	0.5118593556827891
143	595.5151798291187	15.682537842885505	15.682537842885505	0.265	0.51478150704935
162	595.4771352403098	15.671209517579813	15.671209517579813	0.265	0.51478150704935
180	594.074522333328	15.659824166208374	15.659824166208374	0.265	0.51478150704935
208	593.7041537148383	15.65901235229832	15.65901235229832	0.266	0.5157518783291051
233	593.5839655178423	15.652945618974469	15.652945618974469	0.265	0.51478150704935
245	593.4258141419347	15.652605909150525	15.652605909150525	0.266	0.5157518783291051
265	592.8855110569248	15.641882508489042	15.641882508489042	0.266	0.5157518783291051
285	592.7467609889073	15.637893418012922	15.637893418012922	0.266	0.5157518783291051
294	592.6544061827437	15.645525970885195	15.645525970885195	0.266	0.5157518783291051
303	592.5121537187911	15.643355878391816	15.643355878391816	0.266	0.5157518783291051
317	592.3734110917121	15.645597650910691	15.645597650910691	0.266	0.5157518783291051
336	592.0206649288812	15.62510735550284	15.62510735550284	0.266	0.5157518783291051
360	591.9254519955866	15.637583358797679	15.637583358797679	0.266	0.5157518783291051
366	591.796536546247	15.62543819468443	15.62543819468443	0.266	0.5157518783291051
367	591.5990883797823	15.620776563624773	15.620776563624773	0.266	0.5157518783291051
385	591.4065245100448	15.620383853171557	15.620383853171557	0.266	0.5157518783291051
390	591.23539948864	15.62398522909231	15.62398522909231	0.267	0.5167204273105526
406	590.8393236467269	15.6211473729778	15.6211473729778	0.267	0.5167204273105526
424	590.7673779269645	15.626906489730601	15.626906489730601	0.267	0.5167204273105526
432	590.3264378984344	15.623054760036764	15.623054760036764	0.268	0.5176871642217914
438	590.0466134156927	15.61885458861106	15.61885458861106	0.268	0.5176871642217914
440	589.6883150291648	15.609393700225143	15.609393700225143	0.268	0.5176871642217914
446	589.0313206127327	15.616155656472454	15.616155656472454	0.269	0.5186520991955976
460	588.8181633518648	15.607313063816346	15.607313063816346	0.269	0.5186520991955976
469	588.5690864958887	15.614124480252347	15.614124480252347	0.27	0.5196152422706632
471	588.3971470743707	15.61762040470019	15.61762040470019	0.27	0.5196152422706632
474	588.109972543476	15.605435521291225	15.605435521291225	0.27	0.5196152422706632
481	587.6883890304639	15.616998775695247	15.616998775695247	0.271	0.5205766033928149
491	586.791299675056	15.619239992340198	15.619239992340198	0.271	0.5205766033928149
532	586.7322749057173	15.648180607803829	15.648180607803829	0.272	0.521536192416212
533	586.5323656942138	15.63395895378944	15.63395895378944	0.272	0.521536192416212
564	586.3999938536708	15.628168411837967	15.628168411837967	0.272	0.521536192416212
596	586.2960709300125	15.63167342199729	15.63167342199729	0.272	0.521536192416212
618	586.2205851165264	15.63175597163371	15.63175597163371	0.272	0.521536192416212
705	586.1596639160628	15.640003939801726	15.640003939801726	0.272	0.521536192416212
745	586.1592163918241	15.64140463057805	15.64140463057805	0.272	0.521536192416212
755	586.0297948870664	15.633348529767568	15.633348529767568	0.272	0.521536192416212
