Epoch	AUC_dev	PR_AUC	ACC	BACC	PREC	TPR	KAPPA	RECALL
0	0.5175144060283687	0.7321492611769276	0.28592814371257486	0.4998891843971631	0.7142857142857143	0.010416666666666666	-0.00012555085437337965	0.010416666666666666	[[186   2]
 [475   5]]
2	0.5504931294326241	0.7510340825021715	0.5074850299401198	0.526241134751773	0.7412140575079872	0.48333333333333334	0.04131842054753887	0.48333333333333334	[[107  81]
 [248 232]]
3	0.577022384751773	0.7821181728709556	0.5449101796407185	0.557136524822695	0.7650602409638554	0.5291666666666667	0.09219655246405845	0.5291666666666667	[[110  78]
 [226 254]]
4	0.5915392287234043	0.7914181881371414	0.6092814371257484	0.555008865248227	0.7528868360277137	0.6791666666666667	0.10224300220386806	0.6791666666666667	[[ 81 107]
 [154 326]]
5	0.5916611258865249	0.7934584544361637	0.5868263473053892	0.5668882978723404	0.765625	0.6125	0.11579189686924496	0.6125	[[ 98  90]
 [186 294]]
6	0.6019669769503546	0.7999191596242348	0.5988023952095808	0.5736037234042553	0.7690355329949239	0.63125	0.12922681816413095	0.63125	[[ 97  91]
 [177 303]]
7	0.610477615248227	0.8054547601870334	0.6287425149700598	0.5717863475177305	0.7624434389140271	0.7020833333333333	0.13525702593226707	0.7020833333333333	[[ 83 105]
 [143 337]]
8	0.6116744237588652	0.8053775899383011	0.6586826347305389	0.5473182624113475	0.7432432432432432	0.8020833333333334	0.10083597033958336	0.8020833333333334	[[ 55 133]
 [ 95 385]]
10	0.6168273492907802	0.8090057666117014	0.5823353293413174	0.5912677304964539	0.7896253602305475	0.5708333333333333	0.1502124787977165	0.5708333333333333	[[115  73]
 [206 274]]
12	0.6174479166666667	0.8121236893399337	0.594311377245509	0.5996010638297873	0.7943661971830986	0.5875	0.16569269057055946	0.5875	[[115  73]
 [198 282]]
15	0.6186225620567376	0.8106736994488559	0.6077844311377245	0.5863253546099291	0.7780612244897959	0.6354166666666666	0.15113301257178324	0.6354166666666666	[[101  87]
 [175 305]]
20	0.6233488475177305	0.80997951632799	0.5778443113772455	0.6010859929078014	0.801829268292683	0.5479166666666667	0.16226697025757797	0.5479166666666667	[[123  65]
 [217 263]]
26	0.6279310726950353	0.8122092717203638	0.6362275449101796	0.5850842198581561	0.7711670480549199	0.7020833333333333	0.1590998570214882	0.7020833333333333	[[ 88 100]
 [143 337]]
29	0.6328457446808511	0.8174645254326371	0.6347305389221557	0.5759530141843971	0.7645739910313901	0.7104166666666667	0.1439855468257637	0.7104166666666667	[[ 83 105]
 [139 341]]
30	0.652199689716312	0.8205279538922192	0.6077844311377245	0.6122118794326241	0.8027777777777778	0.6020833333333333	0.18793615441722344	0.6020833333333333	[[117  71]
 [191 289]]
32	0.6553191489361702	0.822107411853636	0.6407185628742516	0.6108599290780141	0.7912621359223301	0.6791666666666667	0.19974442935867742	0.6791666666666667	[[102  86]
 [154 326]]
33	0.661896054964539	0.8257244402469593	0.6452095808383234	0.6236923758865249	0.8014888337468983	0.6729166666666667	0.21997989791293027	0.6729166666666667	[[108  80]
 [157 323]]
